0
0
0
0
0
0
0
0
0
0
40695
0
0
40695
0
0
0
0
0
0
0
0
0
0
0
0
0
0
0
0
0
0
409147
2719
22
4
8
3
2
11
347
347
217
0
31243
3279
15811
63
239
437
173
151
127
149
101
115
127
98
626
5914
0
0
0
1674
5
3609
2621
2098
1450
1876
1106
1082
2231
6697
600
308
1597
2581
1273
1000
1697
409
1029
2744
3749
294
189
2149
28
735
23
10
0
10
0
2144
0
128252
25722
38393
65761
204231
34929
33606
104115
107638
1781
12557
69078
38706
112331
120723
26916
2033
92778
103575
146680
46427
15360
35949
2085
32138
1633
0
0
0
0
0
